251574
1813013
1960854
1982755
2249138
2363701
2363702
2363703
2364924
2994804
2997592
3503641
3903905
4071129
4393390
4393391
4868462
5467097
5868556
5870737
6030597
6053431
6053432
6057971
6315108
6460459
6461368
6462440
6468311
6524938
6601052
6748295
6748740
7695010
9054292
9342852
10092171
10095561
10142441
10199826
10478414
10645122
10868469
11031621
11031623
11072950
11179610
11278004
11455336
11455337
11456494
11457693
11458094
11458904
11466811
11466812
11656235
11656236
12016595
12702345
12829775
12873265
12927272
13147944
13302852
13372432
13461530
13544697
13567135
13567136
13567137
13567138
13653308
13701810
13703603
13818142
13823345
13880589
13932071
14037536
14069576
14069577
